-- THIS DIARY CONTAINS PART 3BC --

#####################################################################################################################
B.
#####################################################################################################################

lnbslackcol =

    21

Finda

a=maxnegval/2

a =

   31.2825

TtB=TS;
TtB(:,1)=TtB(:,1)+a*TtB(:,lnbslackcol)

TtB =

  Columns 1 through 12

  383.6175         0    9.6574    6.5233    0.2050    1.4348    0.5968         0    1.7922         0    0.1465         0
   36.9130         0    1.3794    1.4188   -0.1234    0.2376    0.0601         0    0.2966         0   -0.1233    1.0000
   15.7353    1.0000   -0.5187    1.1803    0.0728    0.1601    0.0172         0    0.2113         0    0.0701         0
   83.3308         0    2.0747    3.5287   -0.1660    0.4844   -0.1937         0    0.5298         0   -0.0306         0
   36.6797         0    0.8841    1.3984    0.0488    0.1672    0.0006         0    0.0861         0   -0.0988         0
  155.5608         0    6.3787    6.4715   -0.5214    1.6053    0.3763         0    1.9330         0   -0.2099         0
  196.5511         0    6.9493    9.4679   -0.2116    2.0424   -0.3242         0    1.7870         0    0.3216         0
   14.5661         0   -0.3705   -0.4069    0.0698   -0.0106    0.1373         0   -0.0812         0    0.0858         0
   24.9131         0    0.8594    2.9546   -0.2216    0.7582    0.0848    1.0000    0.6557         0   -0.9764         0
   10.6790         0   -0.1463    0.1791    0.0718   -0.0574    0.0561         0    0.0083         0   -0.0059         0
  103.5712         0   -1.3135   11.5980    0.2610    1.2699   -0.7012         0    0.7678    1.0000    0.6303         0

  Columns 13 through 21

    1.3530         0         0         0         0         0    4.9353         0    1.2372
   -1.2319         0         0         0         0         0    2.0420         0    0.0294
   -0.3482         0         0         0         0         0    1.6128         0    0.0282
    0.2680    1.0000         0         0         0         0    1.9238         0    0.3873
    0.2084         0    1.0000         0         0         0    0.6447         0    0.1070
   -9.1822         0         0    1.0000         0         0   13.3700         0   -0.1476
   -7.6541         0         0         0    1.0000         0   13.1131         0    0.3391
    0.1620         0         0         0         0    1.0000    0.4913         0   -0.0513
  -10.1058         0         0         0         0         0   11.1858         0   -0.7964
    0.4659         0         0         0         0         0   -0.2374    1.0000    0.1105
    6.3197         0         0         0         0         0   -0.9016         0    1.3797

XB =

   15.7353
         0
         0
         0
         0
         0
   24.9131
         0
  103.5712
         0
   36.9130
         0
   83.3308
   36.6797
  155.5608
  196.5511
   14.5661
         0
   10.6790
         0

ZB =

  383.6175

TtestB=TC;
TtestB(11,1)=TtestB(11,1)+a

TtestB =

  Columns 1 through 11

  246.2199    1.6383    9.9495   -9.9457    0.1373   -0.6607    1.5296   -0.7891    0.5570   -1.3857    0.1585
   18.4876    0.2325    1.2699   -0.8175   -0.0971   -0.0996    0.1556   -0.2288    0.0743   -0.1582    0.0167
    1.3038    1.9594   -0.9940   -1.0432    0.1534   -0.1839    0.1576   -0.2997    0.0539   -0.2130    0.2958
   37.2164    0.3681    2.2360   -1.8923   -0.1960   -0.2110    0.0980   -0.2604    0.1002   -0.4385   -0.0269
   22.7731   -0.2955    1.1291    0.0094    0.0101   -0.0035    0.0527   -0.0218   -0.0552   -0.0841   -0.1513
   61.8394    0.9192    5.6459   -4.7865   -0.3332   -0.2010    0.7735   -1.3851    0.6728   -0.7114    0.7586
   66.6736    2.2207    6.0190   -6.6298   -0.0133   -0.3426    0.4268   -1.5899    0.2854   -1.2089    1.2678
   13.9028   -1.3209    0.2464    0.3134   -0.0208    0.0966    0.0187    0.1591   -0.1362    0.1560   -0.0638
    8.7308    1.1864   -0.5924    0.2731    0.0862    0.0285    0.0654   -0.0877    0.1357   -0.0749    0.1217
    3.8777    0.2750   -0.1790   -0.7469    0.0713   -0.1618    0.1295   -0.0266   -0.0286   -0.1011   -0.0243
   74.8027   -8.1998    3.2142   13.3631   -0.4569    1.7814   -1.1874    1.3154    0.3981    1.6516   -0.8185

  Columns 12 through 21

         0         0         0         0         0         0         0         0         0         0
    1.0000         0         0         0         0         0         0         0         0         0
         0    1.0000         0         0         0         0         0         0         0         0
         0         0    1.0000         0         0         0         0         0         0         0
         0         0         0    1.0000         0         0         0         0         0         0
         0         0         0         0    1.0000         0         0         0         0         0
         0         0         0         0         0    1.0000         0         0         0         0
         0         0         0         0         0         0    1.0000         0         0         0
         0         0         0         0         0         0         0    1.0000         0         0
         0         0         0         0         0         0         0         0    1.0000         0
         0         0         0         0         0         0         0         0         0    1.0000

TtestB1=Pivoting2(TtestB)
Row 11 and Col 4 selected.

TtestB1 =

  Columns 1 through 11

  301.8929   -4.4645   12.3417         0   -0.2028    0.6651    0.6459    0.1899    0.8533   -0.1565   -0.4507
   23.0635   -0.2691    1.4665         0   -0.1250    0.0094    0.0830   -0.1484    0.0986   -0.0571   -0.0334
    7.1431    1.3193   -0.7431         0    0.1177   -0.0448    0.0649   -0.1970    0.0850   -0.0841    0.2319
   47.8091   -0.7930    2.6912         0   -0.2607    0.0413   -0.0701   -0.0741    0.1565   -0.2047   -0.1428
   22.7206   -0.2898    1.1269         0    0.0105   -0.0048    0.0535   -0.0227   -0.0555   -0.0853   -0.1507
   88.6326   -2.0178    6.7972         0   -0.4969    0.4371    0.3482   -0.9140    0.8154   -0.1198    0.4654
  103.7849   -1.8474    7.6136         0   -0.2400    0.5412   -0.1623   -0.9373    0.4829   -0.3895    0.8617
   12.1485   -1.1286    0.1711         0   -0.0101    0.0548    0.0465    0.1282   -0.1455    0.1173   -0.0447
    7.2021    1.3540   -0.6581         0    0.0955   -0.0079    0.0897   -0.1146    0.1276   -0.1086    0.1384
    8.0587   -0.1833    0.0006         0    0.0458   -0.0623    0.0631    0.0469   -0.0063   -0.0087   -0.0701
    5.5977   -0.6136    0.2405    1.0000   -0.0342    0.1333   -0.0889    0.0984    0.0298    0.1236   -0.0612

  Columns 12 through 21

         0         0         0         0         0         0         0         0         0    0.7443
    1.0000         0         0         0         0         0         0         0         0    0.0612
         0    1.0000         0         0         0         0         0         0         0    0.0781
         0         0    1.0000         0         0         0         0         0         0    0.1416
         0         0         0    1.0000         0         0         0         0         0   -0.0007
         0         0         0         0    1.0000         0         0         0         0    0.3582
         0         0         0         0         0    1.0000         0         0         0    0.4961
         0         0         0         0         0         0    1.0000         0         0   -0.0235
         0         0         0         0         0         0         0    1.0000         0   -0.0204
         0         0         0         0         0         0         0         0    1.0000    0.0559
         0         0         0         0         0         0         0         0         0    0.0748

TtestB2=Pivoting2(TtestB1)
Row 9 and Col 2 selected.

TtestB2 =

  Columns 1 through 11

  325.6406         0   10.1718         0    0.1123    0.6389    0.9417   -0.1879    1.2739   -0.5146    0.0056
   24.4950         0    1.3357         0   -0.1060    0.0078    0.1008   -0.1711    0.1240   -0.0787   -0.0059
    0.1256         0   -0.1019         0    0.0246   -0.0371   -0.0225   -0.0854   -0.0393    0.0217    0.0970
   52.0274         0    2.3057         0   -0.2047    0.0367   -0.0176   -0.1412    0.2313   -0.2683   -0.0617
   24.2618         0    0.9860         0    0.0309   -0.0065    0.0727   -0.0473   -0.0282   -0.1085   -0.1211
   99.3658         0    5.8164         0   -0.3545    0.4252    0.4819   -1.0847    1.0055   -0.2816    0.6717
  113.6115         0    6.7157         0   -0.1096    0.5303   -0.0399   -1.0937    0.6570   -0.5377    1.0505
   18.1516         0   -0.3775         0    0.0695    0.0482    0.1213    0.0327   -0.0392    0.0267    0.0707
    5.3193    1.0000   -0.4860         0    0.0706   -0.0059    0.0662   -0.0846    0.0942   -0.0802    0.1022
    9.0336         0   -0.0885         0    0.0587   -0.0633    0.0752    0.0314    0.0109   -0.0234   -0.0513
    8.8617         0   -0.0577    1.0000    0.0091    0.1297   -0.0482    0.0465    0.0876    0.0744    0.0015

  Columns 12 through 21

         0         0         0         0         0         0         0    3.2973         0    0.6769
    1.0000         0         0         0         0         0         0    0.1988         0    0.0571
         0    1.0000         0         0         0         0         0   -0.9744         0    0.0980
         0         0    1.0000         0         0         0         0    0.5857         0    0.1296
         0         0         0    1.0000         0         0         0    0.2140         0   -0.0051
         0         0         0         0    1.0000         0         0    1.4903         0    0.3277
         0         0         0         0         0    1.0000         0    1.3644         0    0.4682
         0         0         0         0         0         0    1.0000    0.8335         0   -0.0405
         0         0         0         0         0         0         0    0.7386         0   -0.0151
         0         0         0         0         0         0         0    0.1354    1.0000    0.0531
         0         0         0         0         0         0         0    0.4532         0    0.0656

TtestB3=Pivoting2(TtestB2)
Row 3 and Col 10 selected.

TtestB3 =

  Columns 1 through 11

  328.6128         0    7.7599         0    0.6942   -0.2391    0.4096   -2.2079    0.3445         0    2.3022
   24.9498         0    0.9667         0   -0.0170   -0.1265    0.0194   -0.4802   -0.0182         0    0.3455
    5.7760         0   -4.6870         0    1.1308   -1.7062   -1.0340   -3.9255   -1.8062    1.0000    4.4632
   53.5769         0    1.0483         0    0.0986   -0.4211   -0.2950   -1.1943   -0.2533         0    1.1356
   24.8887         0    0.4774         0    0.1536   -0.1916   -0.0395   -0.4733   -0.2242         0    0.3633
  100.9926         0    4.4963         0   -0.0360   -0.0553    0.1906   -2.1903    0.4968         0    1.9287
  116.7174         0    4.1954         0    0.4984   -0.3871   -0.5959   -3.2045   -0.3143         0    3.4505
   17.9972         0   -0.2521         0    0.0393    0.0938    0.1489    0.1377    0.0091         0   -0.0487
    5.7826    1.0000   -0.8620         0    0.1613   -0.1427   -0.0167   -0.3995   -0.0507         0    0.4602
    9.1691         0   -0.1984         0    0.0852   -0.1033    0.0510   -0.0606   -0.0314         0    0.0533
    8.4321         0    0.2909    1.0000   -0.0750    0.2566    0.0287    0.3385    0.2219         0   -0.3305

  Columns 12 through 21

         0   23.6653         0         0         0         0         0  -19.7614         0    2.9955
    1.0000    3.6209         0         0         0         0         0   -3.3294         0    0.4119
         0   45.9898         0         0         0         0         0  -44.8110         0    4.5059
         0   12.3375    1.0000         0         0         0         0  -11.4355         0    1.3384
         0    4.9913         0    1.0000         0         0         0   -4.6494         0    0.4840
         0   12.9530         0         0    1.0000         0         0  -11.1307         0    1.5968
         0   24.7299         0         0         0    1.0000         0  -22.7317         0    2.8912
         0   -1.2298         0         0         0         0    1.0000    2.0318         0   -0.1610
         0    3.6890         0         0         0         0         0   -2.8559         0    0.3463
         0    1.0784         0         0         0         0         0   -0.9154    1.0000    0.1588
         0   -3.4204         0         0         0         0         0    3.7859         0   -0.2695

TtestB4=Pivoting2(TtestB3)
Row 11 and Col 19 selected.

TtestB4 =

  Columns 1 through 11

  372.6256         0    9.2782    5.2197    0.3027    1.1003    0.5594   -0.4412    1.5029         0    0.5773
   32.3650         0    1.2225    0.8794   -0.0830    0.0992    0.0446   -0.1826    0.1769         0    0.0549
  105.5793         0   -1.2442   11.8361    0.2431    1.3310   -0.6943    0.0806    0.8207    1.0000    0.5516
   79.0461         0    1.9269    3.0205   -0.1279    0.3540   -0.2083   -0.1720    0.4171         0    0.1374
   35.2438         0    0.8346    1.2281    0.0615    0.1235   -0.0043   -0.0576    0.0483         0   -0.0425
  125.7830         0    5.3515    2.9400   -0.2565    0.6991    0.2750   -1.1953    1.1493         0    0.9571
  167.3455         0    5.9419    6.0042    0.0482    1.1536   -0.4236   -1.1723    1.0183         0    1.4662
   13.4719         0   -0.4082   -0.5367    0.0796   -0.0439    0.1335   -0.0439   -0.1100         0    0.1287
   12.1432    1.0000   -0.6426    0.7543    0.1047    0.0508    0.0050   -0.1442    0.1167         0    0.2109
   11.2078         0   -0.1281    0.2418    0.0671   -0.0413    0.0579    0.0212    0.0222         0   -0.0266
    2.2272         0    0.0768    0.2641   -0.0198    0.0678    0.0076    0.0894    0.0586         0   -0.0873

  Columns 12 through 21

         0    5.8118         0         0         0         0         0         0         0    1.5886
    1.0000    0.6130         0         0         0         0         0         0         0    0.1748
         0    5.5052         0         0         0         0         0         0         0    1.3155
         0    2.0060    1.0000         0         0         0         0         0         0    0.5242
         0    0.7908         0    1.0000         0         0         0         0         0    0.1529
         0    2.8969         0         0    1.0000         0         0         0         0    0.8043
         0    4.1930         0         0         0    1.0000         0         0         0    1.2727
         0    0.6058         0         0         0         0    1.0000         0         0   -0.0163
         0    1.1089         0         0         0         0         0         0         0    0.1430
         0    0.2514         0         0         0         0         0         0    1.0000    0.0936
         0   -0.9035         0         0         0         0         0    1.0000         0   -0.0712

TtestB5=Pivoting2(TtestB4)
Row 11 and Col 8 selected.

TtestB5 =

  Columns 1 through 11

  383.6175         0    9.6574    6.5233    0.2050    1.4348    0.5968         0    1.7922         0    0.1465
   36.9130         0    1.3794    1.4188   -0.1234    0.2376    0.0601         0    0.2966         0   -0.1233
  103.5712         0   -1.3135   11.5980    0.2610    1.2699   -0.7012         0    0.7678    1.0000    0.6303
   83.3308         0    2.0747    3.5287   -0.1660    0.4844   -0.1937         0    0.5298         0   -0.0306
   36.6797         0    0.8841    1.3984    0.0488    0.1672    0.0006         0    0.0861         0   -0.0988
  155.5608         0    6.3787    6.4715   -0.5214    1.6053    0.3763         0    1.9330         0   -0.2099
  196.5511         0    6.9493    9.4679   -0.2116    2.0424   -0.3242         0    1.7870         0    0.3216
   14.5661         0   -0.3705   -0.4069    0.0698   -0.0106    0.1373         0   -0.0812         0    0.0858
   15.7353    1.0000   -0.5187    1.1803    0.0728    0.1601    0.0172         0    0.2113         0    0.0701
   10.6790         0   -0.1463    0.1791    0.0718   -0.0574    0.0561         0    0.0083         0   -0.0059
   24.9131         0    0.8594    2.9546   -0.2216    0.7582    0.0848    1.0000    0.6557         0   -0.9764

  Columns 12 through 21

         0    1.3530         0         0         0         0         0    4.9353         0    1.2372
    1.0000   -1.2319         0         0         0         0         0    2.0420         0    0.0294
         0    6.3197         0         0         0         0         0   -0.9016         0    1.3797
         0    0.2680    1.0000         0         0         0         0    1.9238         0    0.3873
         0    0.2084         0    1.0000         0         0         0    0.6447         0    0.1070
         0   -9.1822         0         0    1.0000         0         0   13.3700         0   -0.1476
         0   -7.6541         0         0         0    1.0000         0   13.1131         0    0.3391
         0    0.1620         0         0         0         0    1.0000    0.4913         0   -0.0513
         0   -0.3482         0         0         0         0         0    1.6128         0    0.0282
         0    0.4659         0         0         0         0         0   -0.2374    1.0000    0.1105
         0  -10.1058         0         0         0         0         0   11.1858         0   -0.7964

TtestBopt=TtestB5;


First cols of TtB & TtestBopt

ans =

  383.6175
   36.9130
   15.7353
   83.3308
   36.6797
  155.5608
  196.5511
   14.5661
   24.9131
   10.6790
  103.5712

ans =

  383.6175
   36.9130
  103.5712
   83.3308
   36.6797
  155.5608
  196.5511
   14.5661
   15.7353
   10.6790
   24.9131

################################################################################################################
C.
################################################################################################################

fbascol =

     2

rowC =

     3

Findq

posC =

     1     3     4     5     6     8    10    18    20


posC =

     3     4     5     6     8    10    18    20


Findq

q=minnegval/2

q =

   -1.0440

TtC=TS;
TtC(1,:)=TtC(1,:)+q*TtC(rowC,:)

TtC =

  Columns 1 through 12

  329.4081   -1.0440   10.1989    5.2910    0.1290    1.2676    0.5789         0    1.5716         0    0.0732         0
   35.9918         0    1.3794    1.4188   -0.1234    0.2376    0.0601         0    0.2966         0   -0.1233    1.0000
   14.8536    1.0000   -0.5187    1.1803    0.0728    0.1601    0.0172         0    0.2113         0    0.0701         0
   71.2160         0    2.0747    3.5287   -0.1660    0.4844   -0.1937         0    0.5298         0   -0.0306         0
   33.3316         0    0.8841    1.3984    0.0488    0.1672    0.0006         0    0.0861         0   -0.0988         0
  160.1769         0    6.3787    6.4715   -0.5214    1.6053    0.3763         0    1.9330         0   -0.2099         0
  185.9420         0    6.9493    9.4679   -0.2116    2.0424   -0.3242         0    1.7870         0    0.3216         0
   16.1709         0   -0.3705   -0.4069    0.0698   -0.0106    0.1373         0   -0.0812         0    0.0858         0
   49.8261         0    0.8594    2.9546   -0.2216    0.7582    0.0848    1.0000    0.6557         0   -0.9764         0
    7.2219         0   -0.1463    0.1791    0.0718   -0.0574    0.0561         0    0.0083         0   -0.0059         0
   60.4117         0   -1.3135   11.5980    0.2610    1.2699   -0.7012         0    0.7678    1.0000    0.6303         0

  Columns 13 through 21

    1.7166         0         0         0         0         0    3.2515         0    1.2078
   -1.2319         0         0         0         0         0    2.0420         0    0.0294
   -0.3482         0         0         0         0         0    1.6128         0    0.0282
    0.2680    1.0000         0         0         0         0    1.9238         0    0.3873
    0.2084         0    1.0000         0         0         0    0.6447         0    0.1070
   -9.1822         0         0    1.0000         0         0   13.3700         0   -0.1476
   -7.6541         0         0         0    1.0000         0   13.1131         0    0.3391
    0.1620         0         0         0         0    1.0000    0.4913         0   -0.0513
  -10.1058         0         0         0         0         0   11.1858         0   -0.7964
    0.4659         0         0         0         0         0   -0.2374    1.0000    0.1105
    6.3197         0         0         0         0         0   -0.9016         0    1.3797

TtC(1,:)

ans =

  Columns 1 through 12

  329.4081         0   10.1989    5.2910    0.1290    1.2676    0.5789         0    1.5716         0    0.0732         0

  Columns 13 through 21

    1.7166         0         0         0         0         0    3.2515         0    1.2078

XC =

   14.8536
         0
         0
         0
         0
         0
   49.8261
         0
   60.4117
         0
   35.9918
         0
   71.2160
   33.3316
  160.1769
  185.9420
   16.1709
         0
    7.2219
         0

ZC =

  329.4081


TtestC=TC;
TtestC(1,2)=TtestC(1,2)-q

TtestC =

  Columns 1 through 13

  246.2199    2.6824    9.9495   -9.9457    0.1373   -0.6607    1.5296   -0.7891    0.5570   -1.3857    0.1585         0         0
   18.4876    0.2325    1.2699   -0.8175   -0.0971   -0.0996    0.1556   -0.2288    0.0743   -0.1582    0.0167    1.0000         0
    1.3038    1.9594   -0.9940   -1.0432    0.1534   -0.1839    0.1576   -0.2997    0.0539   -0.2130    0.2958         0    1.0000
   37.2164    0.3681    2.2360   -1.8923   -0.1960   -0.2110    0.0980   -0.2604    0.1002   -0.4385   -0.0269         0         0
   22.7731   -0.2955    1.1291    0.0094    0.0101   -0.0035    0.0527   -0.0218   -0.0552   -0.0841   -0.1513         0         0
   61.8394    0.9192    5.6459   -4.7865   -0.3332   -0.2010    0.7735   -1.3851    0.6728   -0.7114    0.7586         0         0
   66.6736    2.2207    6.0190   -6.6298   -0.0133   -0.3426    0.4268   -1.5899    0.2854   -1.2089    1.2678         0         0
   13.9028   -1.3209    0.2464    0.3134   -0.0208    0.0966    0.0187    0.1591   -0.1362    0.1560   -0.0638         0         0
    8.7308    1.1864   -0.5924    0.2731    0.0862    0.0285    0.0654   -0.0877    0.1357   -0.0749    0.1217         0         0
    3.8777    0.2750   -0.1790   -0.7469    0.0713   -0.1618    0.1295   -0.0266   -0.0286   -0.1011   -0.0243         0         0
   43.5202   -8.1998    3.2142   13.3631   -0.4569    1.7814   -1.1874    1.3154    0.3981    1.6516   -0.8185         0         0

  Columns 14 through 21

         0         0         0         0         0         0         0         0
         0         0         0         0         0         0         0         0
         0         0         0         0         0         0         0         0
    1.0000         0         0         0         0         0         0         0
         0    1.0000         0         0         0         0         0         0
         0         0    1.0000         0         0         0         0         0
         0         0         0    1.0000         0         0         0         0
         0         0         0         0    1.0000         0         0         0
         0         0         0         0         0    1.0000         0         0
         0         0         0         0         0         0    1.0000         0
         0         0         0         0         0         0         0    1.0000

TtestC1=Pivoting2(TtestC)
Row 11 and Col 4 selected.

TtestC1 =

  Columns 1 through 13

  278.6105   -3.4204   12.3417         0   -0.2028    0.6651    0.6459    0.1899    0.8533   -0.1565   -0.4507         0         0
   21.1499   -0.2691    1.4665         0   -0.1250    0.0094    0.0830   -0.1484    0.0986   -0.0571   -0.0334    1.0000         0
    4.7011    1.3193   -0.7431         0    0.1177   -0.0448    0.0649   -0.1970    0.0850   -0.0841    0.2319         0    1.0000
   43.3792   -0.7930    2.6912         0   -0.2607    0.0413   -0.0701   -0.0741    0.1565   -0.2047   -0.1428         0         0
   22.7425   -0.2898    1.1269         0    0.0105   -0.0048    0.0535   -0.0227   -0.0555   -0.0853   -0.1507         0         0
   77.4277   -2.0178    6.7972         0   -0.4969    0.4371    0.3482   -0.9140    0.8154   -0.1198    0.4654         0         0
   88.2650   -1.8474    7.6136         0   -0.2400    0.5412   -0.1623   -0.9373    0.4829   -0.3895    0.8617         0         0
   12.8822   -1.1286    0.1711         0   -0.0101    0.0548    0.0465    0.1282   -0.1455    0.1173   -0.0447         0         0
    7.8414    1.3540   -0.6581         0    0.0955   -0.0079    0.0897   -0.1146    0.1276   -0.1086    0.1384         0         0
    6.3102   -0.1833    0.0006         0    0.0458   -0.0623    0.0631    0.0469   -0.0063   -0.0087   -0.0701         0         0
    3.2567   -0.6136    0.2405    1.0000   -0.0342    0.1333   -0.0889    0.0984    0.0298    0.1236   -0.0612         0         0

  Columns 14 through 21

         0         0         0         0         0         0         0    0.7443
         0         0         0         0         0         0         0    0.0612
         0         0         0         0         0         0         0    0.0781
    1.0000         0         0         0         0         0         0    0.1416
         0    1.0000         0         0         0         0         0   -0.0007
         0         0    1.0000         0         0         0         0    0.3582
         0         0         0    1.0000         0         0         0    0.4961
         0         0         0         0    1.0000         0         0   -0.0235
         0         0         0         0         0    1.0000         0   -0.0204
         0         0         0         0         0         0    1.0000    0.0559
         0         0         0         0         0         0         0    0.0748

TtestC2=Pivoting2(TtestC1)
Row 3 and Col 2 selected.

TtestC2 =

  Columns 1 through 13

  290.7990         0   10.4150         0    0.1024    0.5489    0.8142   -0.3209    1.0737   -0.3745    0.1505         0    2.5927
   22.1088         0    1.3149         0   -0.1010    0.0003    0.0962   -0.1885    0.1159   -0.0743    0.0139    1.0000    0.2040
    3.5634    1.0000   -0.5633         0    0.0892   -0.0340    0.0492   -0.1493    0.0644   -0.0637    0.1758         0    0.7580
   46.2051         0    2.2444         0   -0.1899    0.0144   -0.0311   -0.1926    0.2076   -0.2552   -0.0034         0    0.6011
   23.7750         0    0.9637         0    0.0363   -0.0146    0.0678   -0.0660   -0.0368   -0.1038   -0.0998         0    0.2196
   84.6180         0    5.6606         0   -0.3169    0.3685    0.4475   -1.2153    0.9454   -0.2484    0.8201         0    1.5295
   94.8479         0    6.5730         0   -0.0752    0.4784   -0.0714   -1.2132    0.6020   -0.5073    1.1864         0    1.4003
   16.9037         0   -0.4646         0    0.0906    0.0164    0.1021   -0.0403   -0.0728    0.0453    0.1537         0    0.8554
    3.0166         0    0.1046         0   -0.0252    0.0381    0.0231    0.0876    0.0403   -0.0223   -0.0996         0   -1.0263
    6.9633         0   -0.1026         0    0.0621   -0.0685    0.0721    0.0196    0.0055   -0.0204   -0.0378         0    0.1389
    5.4433         0   -0.1051    1.0000    0.0205    0.1125   -0.0587    0.0068    0.0693    0.0845    0.0466         0    0.4651

  Columns 14 through 21

         0         0         0         0         0         0         0    0.9467
         0         0         0         0         0         0         0    0.0771
         0         0         0         0         0         0         0    0.0592
    1.0000         0         0         0         0         0         0    0.1885
         0    1.0000         0         0         0         0         0    0.0164
         0         0    1.0000         0         0         0         0    0.4776
         0         0         0    1.0000         0         0         0    0.6054
         0         0         0         0    1.0000         0         0    0.0433
         0         0         0         0         0    1.0000         0   -0.1006
         0         0         0         0         0         0    1.0000    0.0667
         0         0         0         0         0         0         0    0.1111

TtestC3=Pivoting2(TtestC2)
Row 11 and Col 10 selected.

TtestC3 =

  Columns 1 through 13

  314.9245         0    9.9491    4.4321    0.1934    1.0473    0.5542   -0.2907    1.3810         0    0.3571         0    4.6542
   26.8957         0    1.2225    0.8794   -0.0830    0.0992    0.0446   -0.1826    0.1769         0    0.0549    1.0000    0.6130
    7.6695    1.0000   -0.6426    0.7543    0.1047    0.0508    0.0050   -0.1442    0.1167         0    0.2109         0    1.1089
   62.6467         0    1.9269    3.0205   -0.1279    0.3540   -0.2083   -0.1720    0.4171         0    0.1374         0    2.0060
   30.4598         0    0.8346    1.2281    0.0615    0.1235   -0.0043   -0.0576    0.0483         0   -0.0425         0    0.7908
  100.6214         0    5.3515    2.9400   -0.2565    0.6991    0.2750   -1.1953    1.1493         0    0.9571         0    2.8969
  127.5307         0    5.9419    6.0042    0.0482    1.1536   -0.4236   -1.1723    1.0183         0    1.4662         0    4.1930
   13.9824         0   -0.4082   -0.5367    0.0796   -0.0439    0.1335   -0.0439   -0.1100         0    0.1287         0    0.6058
    4.4544         0    0.0768    0.2641   -0.0198    0.0678    0.0076    0.0894    0.0586         0   -0.0873         0   -0.9035
    8.2794         0   -0.1281    0.2418    0.0671   -0.0413    0.0579    0.0212    0.0222         0   -0.0266         0    0.2514
   64.4278         0   -1.2442   11.8361    0.2431    1.3310   -0.6943    0.0806    0.8207    1.0000    0.5516         0    5.5052

  Columns 14 through 21

         0         0         0         0         0         0         0    1.4392
         0         0         0         0         0         0         0    0.1748
         0         0         0         0         0         0         0    0.1430
    1.0000         0         0         0         0         0         0    0.5242
         0    1.0000         0         0         0         0         0    0.1529
         0         0    1.0000         0         0         0         0    0.8043
         0         0         0    1.0000         0         0         0    1.2727
         0         0         0         0    1.0000         0         0   -0.0163
         0         0         0         0         0    1.0000         0   -0.0712
         0         0         0         0         0         0    1.0000    0.0936
         0         0         0         0         0         0         0    1.3155

TtestC4=Pivoting2(TtestC3)
Row 9 and Col 8 selected.

TtestC4 =

  Columns 1 through 13

  329.4081         0   10.1989    5.2910    0.1290    1.2676    0.5789         0    1.5716         0    0.0732         0    1.7166
   35.9918         0    1.3794    1.4188   -0.1234    0.2376    0.0601         0    0.2966         0   -0.1233    1.0000   -1.2319
   14.8536    1.0000   -0.5187    1.1803    0.0728    0.1601    0.0172         0    0.2113         0    0.0701         0   -0.3482
   71.2160         0    2.0747    3.5287   -0.1660    0.4844   -0.1937         0    0.5298         0   -0.0306         0    0.2680
   33.3316         0    0.8841    1.3984    0.0488    0.1672    0.0006         0    0.0861         0   -0.0988         0    0.2084
  160.1769         0    6.3787    6.4715   -0.5214    1.6053    0.3763         0    1.9330         0   -0.2099         0   -9.1822
  185.9420         0    6.9493    9.4679   -0.2116    2.0424   -0.3242         0    1.7870         0    0.3216         0   -7.6541
   16.1709         0   -0.3705   -0.4069    0.0698   -0.0106    0.1373         0   -0.0812         0    0.0858         0    0.1620
   49.8261         0    0.8594    2.9546   -0.2216    0.7582    0.0848    1.0000    0.6557         0   -0.9764         0  -10.1058
    7.2219         0   -0.1463    0.1791    0.0718   -0.0574    0.0561         0    0.0083         0   -0.0059         0    0.4659
   60.4117         0   -1.3135   11.5980    0.2610    1.2699   -0.7012         0    0.7678    1.0000    0.6303         0    6.3197

  Columns 14 through 21

         0         0         0         0         0    3.2515         0    1.2078
         0         0         0         0         0    2.0420         0    0.0294
         0         0         0         0         0    1.6128         0    0.0282
    1.0000         0         0         0         0    1.9238         0    0.3873
         0    1.0000         0         0         0    0.6447         0    0.1070
         0         0    1.0000         0         0   13.3700         0   -0.1476
         0         0         0    1.0000         0   13.1131         0    0.3391
         0         0         0         0    1.0000    0.4913         0   -0.0513
         0         0         0         0         0   11.1858         0   -0.7964
         0         0         0         0         0   -0.2374    1.0000    0.1105
         0         0         0         0         0   -0.9016         0    1.3797

TtestCopt=TtestC4;


Compare the first rows of TtC & TtestCopt

ans =

  Columns 1 through 13

  329.4081         0   10.1989    5.2910    0.1290    1.2676    0.5789         0    1.5716         0    0.0732         0    1.7166

  Columns 14 through 21

         0         0         0         0         0    3.2515         0    1.2078

ans =

  Columns 1 through 13

  329.4081         0   10.1989    5.2910    0.1290    1.2676    0.5789         0    1.5716         0    0.0732         0    1.7166

  Columns 14 through 21

         0         0         0         0         0    3.2515         0    1.2078


